# all_ap,0.204536
# all_ap_50,0.301371
# all_ap_25,0.406463
# all_rc,0.496292
# all_rc_50,0.616453
# all_rc_25,0.700072
scene_id,AP,AP_50%,AP_25%
05_points_GTv3_69,0.945,1.000,1.000
05_points_GTv3_83,0.905,0.905,0.905
10_points_GTv3_09,0.889,1.000,1.000
05_points_GTv3_91,0.889,0.929,0.929
05_points_GTv3_96,0.885,0.900,0.900
05_points_GTv3_49,0.860,1.000,1.000
05_points_GTv3_09,0.821,0.875,0.875
20_points_GTv3_43,0.810,0.810,0.810
05_points_GTv3_90,0.806,1.000,1.000
05_points_GTv3_22,0.805,0.839,0.839
15_points_GTv3_62,0.795,0.911,0.911
10_points_GTv3_77,0.791,0.878,0.878
15_points_GTv3_79,0.767,0.942,0.942
10_points_GTv3_92,0.760,0.792,0.792
05_points_GTv3_23,0.730,0.799,0.799
15_points_GTv3_19,0.727,0.909,0.909
05_points_GTv3_89,0.720,0.878,0.878
10_points_GTv3_30,0.718,0.851,0.865
05_points_GTv3_59,0.716,0.800,0.800
05_points_GTv3_30,0.704,0.801,0.801
10_points_GTv3_06,0.697,0.840,0.840
05_points_GTv3_12,0.688,0.727,0.757
05_points_GTv3_79,0.679,0.859,0.859
15_points_GTv3_29,0.679,0.897,0.897
15_points_GTv3_31,0.674,0.883,0.928
10_points_GTv3_64,0.673,0.767,0.773
05_points_GTv3_88,0.661,0.889,0.889
15_points_GTv3_20,0.652,0.854,0.854
15_points_GTv3_93,0.640,0.952,0.985
10_points_GTv3_91,0.639,0.902,0.902
20_points_GTv3_65,0.625,0.749,0.807
15_points_GTv3_30,0.622,0.844,0.905
10_points_GTv3_16,0.609,0.677,0.677
05_points_GTv3_71,0.600,0.600,0.600
15_points_GTv3_97,0.581,0.710,0.710
05_points_GTv3_57,0.580,0.614,0.614
05_points_GTv3_08,0.578,0.721,0.867
05_points_GTv3_21,0.570,0.638,0.638
15_points_GTv3_01,0.565,0.851,0.851
20_points_GTv3_16,0.564,0.654,0.687
05_points_GTv3_07,0.562,0.600,0.600
10_points_GTv3_67,0.558,0.610,0.670
05_points_GTv3_92,0.550,0.626,0.626
05_points_GTv3_81,0.545,0.563,0.563
20_points_GTv3_61,0.542,0.771,0.792
15_points_GTv3_63,0.538,0.708,0.754
05_points_GTv3_06,0.533,0.533,0.944
15_points_GTv3_81,0.532,0.879,0.941
10_points_GTv3_05,0.532,0.580,0.580
10_points_GTv3_73,0.531,0.782,0.782
10_points_GTv3_69,0.527,0.578,0.578
15_points_GTv3_15,0.527,0.688,0.688
05_points_GTv3_76,0.525,0.580,0.580
05_points_GTv3_62,0.523,0.697,0.697
15_points_GTv3_14,0.521,0.883,0.896
05_points_GTv3_38,0.514,0.514,0.514
05_points_GTv3_27,0.507,0.535,0.642
10_points_GTv3_31,0.503,0.576,0.801
15_points_GTv3_09,0.501,0.682,0.682
10_points_GTv3_20,0.493,0.693,0.696
05_points_GTv3_48,0.486,0.587,0.587
20_points_GTv3_60,0.484,0.675,0.780
15_points_GTv3_70,0.478,0.800,0.800
15_points_GTv3_69,0.477,0.617,0.888
05_points_GTv3_53,0.475,0.549,0.669
15_points_GTv3_51,0.474,0.637,0.761
15_points_GTv3_43,0.468,0.556,0.556
05_points_GTv3_02,0.462,0.636,0.636
15_points_GTv3_64,0.462,0.563,0.617
15_points_GTv3_96,0.456,0.627,0.692
15_points_GTv3_22,0.451,0.552,0.714
15_points_GTv3_10,0.450,0.534,0.683
15_points_GTv3_53,0.449,0.631,0.636
15_points_GTv3_85,0.446,0.565,0.920
05_points_GTv3_60,0.446,0.545,0.663
10_points_GTv3_79,0.442,0.442,0.515
05_points_GTv3_41,0.441,0.519,0.557
15_points_GTv3_07,0.438,0.593,0.593
20_points_GTv3_49,0.434,0.655,0.763
05_points_GTv3_35,0.430,0.571,0.571
05_points_GTv3_43,0.429,0.500,0.500
15_points_GTv3_11,0.426,0.530,0.646
15_points_GTv3_59,0.425,0.531,0.620
05_points_GTv3_46,0.423,0.524,0.825
05_points_GTv3_14,0.422,0.449,0.449
05_points_GTv3_63,0.421,0.470,0.576
10_points_GTv3_70,0.420,0.545,0.727
05_points_GTv3_97,0.418,0.653,0.750
05_points_GTv3_80,0.417,0.480,0.480
15_points_GTv3_02,0.415,0.781,0.847
15_points_GTv3_58,0.415,0.529,0.529
10_points_GTv3_49,0.408,0.531,0.647
20_points_GTv3_35,0.405,0.519,0.605
15_points_GTv3_74,0.404,0.571,0.632
15_points_GTv3_73,0.399,0.524,0.624
15_points_GTv3_75,0.399,0.501,0.638
15_points_GTv3_23,0.396,0.535,0.535
10_points_GTv3_26,0.396,0.562,0.562
20_points_GTv3_47,0.394,0.536,0.587
20_points_GTv3_41,0.392,0.543,0.651
15_points_GTv3_18,0.389,0.667,0.667
15_points_GTv3_17,0.389,0.473,0.677
15_points_GTv3_08,0.389,0.538,0.538
05_points_GTv3_11,0.388,0.581,0.581
05_points_GTv3_17,0.386,0.506,0.506
10_points_GTv3_58,0.384,0.506,0.701
10_points_GTv3_78,0.383,0.477,0.687
05_points_GTv3_67,0.380,0.449,0.557
10_points_GTv3_83,0.379,0.420,0.420
10_points_GTv3_59,0.378,0.521,0.735
05_points_GTv3_68,0.378,0.556,0.556
05_points_GTv3_82,0.378,0.378,0.378
15_points_GTv3_90,0.375,0.538,0.590
15_points_GTv3_24,0.375,0.567,0.694
15_points_GTv3_92,0.375,0.579,0.810
05_points_GTv3_05,0.374,0.525,0.525
15_points_GTv3_80,0.373,0.636,0.700
15_points_GTv3_72,0.372,0.464,0.574
20_points_GTv3_56,0.372,0.457,0.538
10_points_GTv3_28,0.370,0.431,0.472
10_points_GTv3_21,0.365,0.523,0.576
20_points_GTv3_44,0.364,0.458,0.583
15_points_GTv3_49,0.364,0.431,0.431
10_points_GTv3_10,0.363,0.534,0.672
10_points_GTv3_03,0.360,0.462,0.462
10_points_GTv3_36,0.359,0.622,0.753
05_points_GTv3_24,0.358,0.483,0.483
10_points_GTv3_39,0.356,0.403,0.403
20_points_GTv3_15,0.352,0.406,0.552
05_points_GTv3_13,0.346,0.449,0.515
05_points_GTv3_00,0.345,0.399,0.399
10_points_GTv3_12,0.343,0.425,0.533
05_points_GTv3_66,0.342,0.390,0.390
15_points_GTv3_56,0.342,0.455,0.524
15_points_GTv3_36,0.341,0.522,0.673
15_points_GTv3_88,0.339,0.472,0.502
10_points_GTv3_13,0.334,0.377,0.408
05_points_GTv3_20,0.334,0.405,0.498
05_points_GTv3_58,0.333,0.426,0.426
15_points_GTv3_60,0.330,0.499,0.690
20_points_GTv3_08,0.329,0.375,0.456
20_points_GTv3_22,0.324,0.406,0.546
20_points_GTv3_77,0.323,0.483,0.625
05_points_GTv3_01,0.322,0.370,0.464
15_points_GTv3_06,0.322,0.528,0.602
15_points_GTv3_55,0.317,0.412,0.517
05_points_GTv3_72,0.317,0.326,0.326
15_points_GTv3_65,0.315,0.396,0.594
10_points_GTv3_11,0.315,0.375,0.433
15_points_GTv3_99,0.315,0.535,0.619
05_points_GTv3_36,0.315,0.420,0.519
20_points_GTv3_38,0.314,0.373,0.655
05_points_GTv3_37,0.308,0.677,0.677
10_points_GTv3_29,0.307,0.449,0.642
20_points_GTv3_09,0.307,0.445,0.633
15_points_GTv3_67,0.307,0.462,0.623
10_points_GTv3_17,0.306,0.333,0.442
20_points_GTv3_05,0.300,0.410,0.688
15_points_GTv3_61,0.300,0.356,0.504
05_points_GTv3_10,0.299,0.386,0.386
15_points_GTv3_44,0.298,0.372,0.486
20_points_GTv3_72,0.296,0.420,0.609
15_points_GTv3_89,0.296,0.466,0.681
05_points_GTv3_15,0.295,0.295,0.541
15_points_GTv3_78,0.294,0.423,0.536
15_points_GTv3_04,0.294,0.558,0.558
20_points_GTv3_42,0.292,0.384,0.409
15_points_GTv3_39,0.289,0.395,0.457
15_points_GTv3_54,0.289,0.507,0.599
15_points_GTv3_28,0.288,0.449,0.515
20_points_GTv3_29,0.288,0.407,0.407
10_points_GTv3_48,0.288,0.471,0.474
10_points_GTv3_54,0.282,0.428,0.529
20_points_GTv3_62,0.281,0.340,0.479
10_points_GTv3_24,0.281,0.351,0.593
20_points_GTv3_18,0.280,0.346,0.481
10_points_GTv3_90,0.280,0.439,0.508
10_points_GTv3_00,0.278,0.599,0.599
15_points_GTv3_38,0.278,0.404,0.483
05_points_GTv3_32,0.277,0.294,0.342
20_points_GTv3_32,0.276,0.380,0.489
10_points_GTv3_74,0.275,0.409,0.427
15_points_GTv3_98,0.273,0.327,0.445
20_points_GTv3_71,0.272,0.353,0.403
20_points_GTv3_02,0.271,0.493,0.504
05_points_GTv3_42,0.266,0.359,0.390
15_points_GTv3_83,0.266,0.348,0.609
20_points_GTv3_30,0.264,0.327,0.503
10_points_GTv3_88,0.263,0.365,0.411
20_points_GTv3_54,0.261,0.408,0.478
15_points_GTv3_12,0.261,0.443,0.590
10_points_GTv3_68,0.261,0.346,0.442
05_points_GTv3_34,0.253,0.311,0.311
20_points_GTv3_69,0.251,0.442,0.572
15_points_GTv3_45,0.251,0.345,0.585
05_points_GTv3_16,0.250,0.287,0.287
10_points_GTv3_75,0.249,0.354,0.388
20_points_GTv3_37,0.248,0.418,0.440
15_points_GTv3_33,0.247,0.396,0.438
20_points_GTv3_33,0.247,0.368,0.588
20_points_GTv3_03,0.247,0.431,0.462
05_points_GTv3_86,0.245,0.330,0.361
10_points_GTv3_55,0.245,0.288,0.596
15_points_GTv3_37,0.244,0.426,0.466
15_points_GTv3_91,0.243,0.446,0.481
20_points_GTv3_46,0.243,0.456,0.456
10_points_GTv3_80,0.243,0.243,0.347
10_points_GTv3_57,0.243,0.328,0.428
15_points_GTv3_03,0.243,0.326,0.426
10_points_GTv3_97,0.240,0.400,0.525
10_points_GTv3_66,0.239,0.320,0.379
15_points_GTv3_66,0.238,0.388,0.417
20_points_GTv3_04,0.236,0.407,0.536
05_points_GTv3_33,0.236,0.327,0.327
10_points_GTv3_82,0.236,0.429,0.500
15_points_GTv3_34,0.234,0.327,0.427
10_points_GTv3_07,0.232,0.344,0.502
05_points_GTv3_84,0.232,0.350,0.386
15_points_GTv3_35,0.231,0.419,0.583
15_points_GTv3_52,0.229,0.314,0.383
10_points_GTv3_15,0.228,0.347,0.390
15_points_GTv3_46,0.226,0.365,0.427
10_points_GTv3_71,0.225,0.323,0.346
10_points_GTv3_81,0.224,0.304,0.304
15_points_GTv3_40,0.224,0.319,0.524
15_points_GTv3_84,0.221,0.332,0.554
20_points_GTv3_31,0.219,0.471,0.584
10_points_GTv3_18,0.217,0.271,0.303
20_points_GTv3_52,0.217,0.310,0.398
15_points_GTv3_16,0.215,0.304,0.342
15_points_GTv3_77,0.215,0.281,0.397
15_points_GTv3_27,0.214,0.302,0.330
05_points_GTv3_47,0.213,0.283,0.294
20_points_GTv3_01,0.213,0.348,0.384
20_points_GTv3_39,0.210,0.295,0.508
20_points_GTv3_19,0.207,0.289,0.509
10_points_GTv3_95,0.205,0.303,0.464
20_points_GTv3_10,0.200,0.236,0.365
05_points_GTv3_40,0.200,0.369,0.428
15_points_GTv3_26,0.199,0.341,0.468
15_points_GTv3_82,0.198,0.403,0.464
20_points_GTv3_20,0.197,0.277,0.362
15_points_GTv3_71,0.194,0.297,0.371
10_points_GTv3_89,0.192,0.286,0.452
15_points_GTv3_76,0.190,0.277,0.466
05_points_GTv3_61,0.190,0.245,0.422
10_points_GTv3_46,0.190,0.276,0.311
05_points_GTv3_56,0.185,0.318,0.336
15_points_GTv3_47,0.185,0.382,0.482
05_points_GTv3_73,0.184,0.208,0.267
15_points_GTv3_32,0.184,0.218,0.250
20_points_GTv3_36,0.183,0.265,0.359
15_points_GTv3_94,0.179,0.337,0.406
10_points_GTv3_61,0.179,0.286,0.349
15_points_GTv3_21,0.178,0.391,0.503
10_points_GTv3_94,0.174,0.295,0.371
20_points_GTv3_13,0.173,0.259,0.357
05_points_GTv3_25,0.172,0.235,0.235
15_points_GTv3_86,0.169,0.275,0.374
20_points_GTv3_07,0.169,0.228,0.301
10_points_GTv3_53,0.168,0.339,0.514
05_points_GTv3_64,0.165,0.198,0.333
15_points_GTv3_87,0.165,0.292,0.499
15_points_GTv3_68,0.164,0.219,0.293
10_points_GTv3_04,0.164,0.317,0.529
20_points_GTv3_74,0.163,0.221,0.293
20_points_GTv3_27,0.161,0.247,0.523
15_points_GTv3_42,0.161,0.229,0.310
20_points_GTv3_70,0.160,0.240,0.293
05_points_GTv3_78,0.159,0.159,0.328
20_points_GTv3_51,0.159,0.292,0.424
10_points_GTv3_22,0.158,0.204,0.204
20_points_GTv3_34,0.157,0.226,0.356
20_points_GTv3_25,0.156,0.178,0.311
10_points_GTv3_02,0.152,0.226,0.258
20_points_GTv3_11,0.150,0.238,0.486
20_points_GTv3_68,0.150,0.220,0.345
10_points_GTv3_43,0.150,0.259,0.270
10_points_GTv3_42,0.147,0.215,0.357
20_points_GTv3_40,0.146,0.223,0.442
15_points_GTv3_57,0.146,0.265,0.298
10_points_GTv3_23,0.143,0.241,0.276
20_points_GTv3_28,0.140,0.189,0.189
15_points_GTv3_41,0.139,0.196,0.284
15_points_GTv3_13,0.138,0.239,0.344
15_points_GTv3_50,0.135,0.279,0.302
20_points_GTv3_53,0.133,0.239,0.335
15_points_GTv3_48,0.133,0.176,0.176
05_points_GTv3_28,0.129,0.172,0.267
05_points_GTv3_26,0.129,0.218,0.218
10_points_GTv3_56,0.126,0.177,0.297
05_points_GTv3_70,0.125,0.162,0.162
15_points_GTv3_95,0.124,0.196,0.414
10_points_GTv3_52,0.124,0.225,0.339
05_points_GTv3_54,0.122,0.174,0.242
20_points_GTv3_26,0.122,0.260,0.466
10_points_GTv3_19,0.120,0.135,0.309
20_points_GTv3_58,0.120,0.187,0.280
20_points_GTv3_66,0.119,0.212,0.285
20_points_GTv3_17,0.118,0.202,0.353
15_points_GTv3_25,0.116,0.224,0.361
05_points_GTv3_31,0.114,0.209,0.311
20_points_GTv3_24,0.113,0.186,0.331
10_points_GTv3_25,0.107,0.176,0.381
20_points_GTv3_79,0.106,0.149,0.354
05_points_GTv3_87,0.105,0.143,0.246
10_points_GTv3_08,0.103,0.246,0.518
20_points_GTv3_00,0.102,0.207,0.336
05_points_GTv3_50,0.098,0.175,0.314
20_points_GTv3_59,0.098,0.161,0.399
05_points_GTv3_44,0.097,0.241,0.241
20_points_GTv3_45,0.097,0.143,0.226
20_points_GTv3_14,0.097,0.118,0.118
10_points_GTv3_38,0.095,0.130,0.153
20_points_GTv3_06,0.094,0.145,0.283
05_points_GTv3_98,0.091,0.159,0.255
20_points_GTv3_12,0.090,0.146,0.341
05_points_GTv3_39,0.087,0.087,0.087
15_points_GTv3_05,0.086,0.146,0.253
20_points_GTv3_23,0.086,0.170,0.244
10_points_GTv3_93,0.085,0.205,0.248
20_points_GTv3_21,0.082,0.157,0.472
10_points_GTv3_76,0.080,0.161,0.303
05_points_GTv3_18,0.076,0.093,0.257
10_points_GTv3_47,0.075,0.117,0.197
10_points_GTv3_37,0.075,0.104,0.263
10_points_GTv3_14,0.074,0.109,0.214
10_points_GTv3_87,0.074,0.118,0.154
20_points_GTv3_57,0.068,0.144,0.260
15_points_GTv3_00,0.068,0.153,0.465
10_points_GTv3_85,0.067,0.191,0.290
05_points_GTv3_74,0.066,0.098,0.198
05_points_GTv3_29,0.059,0.104,0.286
20_points_GTv3_63,0.059,0.101,0.206
10_points_GTv3_72,0.058,0.192,0.269
20_points_GTv3_48,0.058,0.080,0.127
20_points_GTv3_55,0.057,0.118,0.241
10_points_GTv3_27,0.057,0.069,0.183
10_points_GTv3_86,0.054,0.092,0.176
10_points_GTv3_51,0.053,0.082,0.092
10_points_GTv3_96,0.052,0.092,0.247
10_points_GTv3_65,0.051,0.236,0.360
05_points_GTv3_65,0.050,0.141,0.312
05_points_GTv3_45,0.050,0.078,0.129
10_points_GTv3_44,0.047,0.056,0.105
05_points_GTv3_75,0.045,0.115,0.157
05_points_GTv3_52,0.045,0.118,0.345
10_points_GTv3_40,0.042,0.099,0.297
10_points_GTv3_84,0.042,0.059,0.166
05_points_GTv3_03,0.041,0.075,0.261
10_points_GTv3_45,0.040,0.065,0.238
10_points_GTv3_60,0.040,0.106,0.257
20_points_GTv3_50,0.034,0.093,0.255
10_points_GTv3_41,0.033,0.070,0.088
05_points_GTv3_55,0.031,0.071,0.188
05_points_GTv3_93,0.028,0.045,0.203
10_points_GTv3_33,0.023,0.085,0.170
05_points_GTv3_51,0.022,0.064,0.177
05_points_GTv3_95,0.022,0.025,0.195
10_points_GTv3_63,0.021,0.036,0.220
10_points_GTv3_35,0.021,0.041,0.250
10_points_GTv3_32,0.019,0.039,0.139
10_points_GTv3_34,0.019,0.038,0.195
05_points_GTv3_77,0.019,0.038,0.135
05_points_GTv3_19,0.019,0.030,0.128
10_points_GTv3_01,0.017,0.037,0.076
05_points_GTv3_04,0.013,0.034,0.184
05_points_GTv3_85,0.012,0.045,0.240
10_points_GTv3_62,0.010,0.022,0.183
10_points_GTv3_98,0.010,0.023,0.181
05_points_GTv3_94,0.007,0.031,0.201
10_points_GTv3_99,0.002,0.004,0.092
10_points_GTv3_50,0.001,0.010,0.053
05_points_GTv3_99,0.000,0.001,0.136
25_points_GTv3_20,nan,nan,nan
25_points_GTv3_94,0.952,1.000,1.000
25_points_GTv3_84,0.851,0.981,0.985
25_points_GTv3_57,0.807,0.981,0.981
25_points_GTv3_15,0.791,0.899,0.899
25_points_GTv3_86,0.757,0.866,0.866
25_points_GTv3_95,0.735,0.861,0.911
25_points_GTv3_30,0.680,0.854,0.854
25_points_GTv3_10,0.676,0.891,0.891
25_points_GTv3_44,0.669,0.754,0.754
25_points_GTv3_59,0.659,0.769,0.769
25_points_GTv3_79,0.636,0.723,0.723
25_points_GTv3_18,0.626,0.700,0.816
25_points_GTv3_05,0.596,0.793,0.795
25_points_GTv3_70,0.567,0.591,0.591
25_points_GTv3_40,0.559,0.714,0.714
25_points_GTv3_27,0.552,0.625,0.724
25_points_GTv3_78,0.541,0.577,0.577
25_points_GTv3_17,0.525,0.703,0.759
25_points_GTv3_90,0.521,0.567,0.567
25_points_GTv3_61,0.521,0.617,0.674
25_points_GTv3_00,0.516,0.631,0.654
25_points_GTv3_66,0.505,0.665,0.665
25_points_GTv3_96,0.495,0.618,0.770
25_points_GTv3_35,0.487,0.522,0.522
25_points_GTv3_83,0.484,0.699,0.699
20_points_GTv3_67,0.476,0.577,0.648
25_points_GTv3_60,0.461,0.537,0.584
25_points_GTv3_73,0.460,0.555,0.555
25_points_GTv3_69,0.451,0.624,0.673
25_points_GTv3_50,0.450,0.608,0.608
25_points_GTv3_89,0.449,0.540,0.602
25_points_GTv3_49,0.443,0.595,0.670
25_points_GTv3_33,0.436,0.467,0.636
25_points_GTv3_26,0.432,0.678,0.709
25_points_GTv3_63,0.431,0.501,0.501
25_points_GTv3_06,0.429,0.511,0.511
25_points_GTv3_56,0.423,0.677,0.677
25_points_GTv3_38,0.417,0.573,0.607
25_points_GTv3_16,0.409,0.476,0.566
25_points_GTv3_19,0.406,0.492,0.540
25_points_GTv3_67,0.403,0.483,0.728
25_points_GTv3_53,0.403,0.575,0.718
25_points_GTv3_45,0.403,0.528,0.562
25_points_GTv3_99,0.400,0.655,0.802
20_points_GTv3_83,0.398,0.505,0.654
25_points_GTv3_25,0.397,0.461,0.633
20_points_GTv3_95,0.395,0.490,0.564
25_points_GTv3_76,0.390,0.473,0.599
25_points_GTv3_48,0.378,0.497,0.497
25_points_GTv3_28,0.378,0.516,0.516
25_points_GTv3_07,0.376,0.575,0.669
25_points_GTv3_68,0.373,0.441,0.471
25_points_GTv3_31,0.369,0.461,0.547
20_points_GTv3_96,0.369,0.494,0.695
20_points_GTv3_75,0.369,0.596,0.714
25_points_GTv3_01,0.367,0.515,0.515
25_points_GTv3_02,0.361,0.490,0.623
25_points_GTv3_92,0.360,0.556,0.556
25_points_GTv3_88,0.360,0.602,0.640
25_points_GTv3_29,0.360,0.448,0.529
20_points_GTv3_93,0.359,0.416,0.495
25_points_GTv3_58,0.357,0.428,0.428
25_points_GTv3_74,0.356,0.433,0.433
25_points_GTv3_81,0.356,0.455,0.495
25_points_GTv3_54,0.354,0.504,0.748
25_points_GTv3_51,0.347,0.527,0.530
25_points_GTv3_37,0.347,0.424,0.532
25_points_GTv3_47,0.344,0.439,0.439
25_points_GTv3_42,0.339,0.544,0.544
25_points_GTv3_85,0.338,0.474,0.678
20_points_GTv3_82,0.331,0.394,0.477
25_points_GTv3_98,0.321,0.422,0.531
25_points_GTv3_32,0.320,0.385,0.547
20_points_GTv3_92,0.317,0.408,0.597
20_points_GTv3_99,0.315,0.380,0.538
25_points_GTv3_55,0.310,0.397,0.498
25_points_GTv3_65,0.308,0.491,0.491
25_points_GTv3_77,0.306,0.420,0.453
20_points_GTv3_89,0.305,0.481,0.505
25_points_GTv3_43,0.303,0.536,0.536
25_points_GTv3_71,0.303,0.457,0.632
20_points_GTv3_91,0.301,0.379,0.557
25_points_GTv3_34,0.295,0.513,0.566
25_points_GTv3_41,0.294,0.461,0.513
20_points_GTv3_94,0.292,0.382,0.473
25_points_GTv3_97,0.286,0.442,0.442
25_points_GTv3_62,0.286,0.334,0.334
25_points_GTv3_64,0.286,0.404,0.614
20_points_GTv3_98,0.273,0.454,0.487
20_points_GTv3_87,0.273,0.431,0.498
25_points_GTv3_46,0.269,0.373,0.726
20_points_GTv3_86,0.268,0.485,0.585
25_points_GTv3_23,0.266,0.363,0.620
25_points_GTv3_08,0.251,0.358,0.437
20_points_GTv3_76,0.241,0.393,0.494
25_points_GTv3_11,0.237,0.351,0.422
25_points_GTv3_22,0.227,0.338,0.533
25_points_GTv3_72,0.225,0.333,0.394
25_points_GTv3_52,0.225,0.300,0.450
25_points_GTv3_82,0.223,0.359,0.433
25_points_GTv3_24,0.222,0.261,0.460
20_points_GTv3_80,0.221,0.396,0.598
25_points_GTv3_36,0.215,0.313,0.401
20_points_GTv3_85,0.209,0.271,0.423
25_points_GTv3_91,0.198,0.293,0.558
25_points_GTv3_14,0.189,0.337,0.561
25_points_GTv3_09,0.186,0.348,0.382
25_points_GTv3_75,0.185,0.244,0.466
20_points_GTv3_64,0.184,0.270,0.459
20_points_GTv3_73,0.183,0.286,0.286
25_points_GTv3_04,0.174,0.274,0.325
25_points_GTv3_80,0.169,0.369,0.439
20_points_GTv3_90,0.168,0.319,0.452
25_points_GTv3_93,0.139,0.174,0.443
25_points_GTv3_12,0.128,0.201,0.273
25_points_GTv3_03,0.122,0.190,0.312
20_points_GTv3_88,0.117,0.228,0.371
25_points_GTv3_21,0.111,0.220,0.274
20_points_GTv3_81,0.109,0.164,0.318
25_points_GTv3_87,0.098,0.169,0.229
20_points_GTv3_84,0.089,0.097,0.380
25_points_GTv3_13,0.060,0.102,0.151
20_points_GTv3_97,0.050,0.165,0.267
25_points_GTv3_39,0.036,0.058,0.112
20_points_GTv3_78,0.017,0.053,0.121
