# all_ap,0.362705
# all_ap_50,0.484304
# all_ap_25,0.545124
# all_rc,0.498391
# all_rc_50,0.595797
# all_rc_25,0.637551
scene_id,AP,AP_50%,AP_25%
05_points_GTv3_71,1.000,1.000,1.000
20_points_GTv3_43,1.000,1.000,1.000
05_points_GTv3_26,1.000,1.000,1.000
05_points_GTv3_43,1.000,1.000,1.000
10_points_GTv3_64,0.944,1.000,1.000
05_points_GTv3_69,0.940,1.000,1.000
05_points_GTv3_83,0.929,0.929,0.929
05_points_GTv3_92,0.927,1.000,1.000
05_points_GTv3_23,0.915,1.000,1.000
25_points_GTv3_78,0.909,0.909,0.909
05_points_GTv3_30,0.895,1.000,1.000
10_points_GTv3_09,0.889,1.000,1.000
10_points_GTv3_77,0.886,0.966,0.974
05_points_GTv3_12,0.881,0.925,0.925
05_points_GTv3_96,0.876,0.900,0.900
05_points_GTv3_22,0.870,1.000,1.000
25_points_GTv3_68,0.870,0.938,0.938
10_points_GTv3_24,0.859,0.859,0.859
10_points_GTv3_80,0.857,0.857,0.857
05_points_GTv3_81,0.856,0.900,0.900
05_points_GTv3_38,0.849,0.849,0.849
05_points_GTv3_32,0.844,0.900,0.900
10_points_GTv3_67,0.844,0.928,1.000
15_points_GTv3_62,0.843,0.957,0.957
10_points_GTv3_05,0.841,0.909,0.909
25_points_GTv3_44,0.838,0.947,0.947
05_points_GTv3_82,0.833,0.833,0.833
25_points_GTv3_55,0.828,0.938,0.938
05_points_GTv3_21,0.821,0.913,0.913
25_points_GTv3_94,0.820,0.857,0.857
10_points_GTv3_70,0.819,0.875,0.875
05_points_GTv3_91,0.818,0.862,0.862
10_points_GTv3_83,0.815,0.856,0.856
10_points_GTv3_71,0.815,0.889,0.889
15_points_GTv3_14,0.810,0.969,1.000
05_points_GTv3_90,0.806,1.000,1.000
05_points_GTv3_16,0.805,0.918,0.918
25_points_GTv3_79,0.802,0.918,0.918
05_points_GTv3_15,0.800,0.800,0.800
10_points_GTv3_81,0.799,0.963,0.963
10_points_GTv3_13,0.798,0.856,0.856
05_points_GTv3_80,0.795,0.809,0.809
25_points_GTv3_18,0.795,0.898,0.898
10_points_GTv3_03,0.794,0.849,0.849
25_points_GTv3_56,0.784,1.000,1.000
20_points_GTv3_82,0.782,0.895,0.895
25_points_GTv3_86,0.781,0.888,0.888
10_points_GTv3_29,0.777,1.000,1.000
05_points_GTv3_67,0.775,0.881,0.990
25_points_GTv3_15,0.770,0.853,0.853
05_points_GTv3_57,0.767,0.810,0.810
25_points_GTv3_63,0.764,0.929,0.929
25_points_GTv3_84,0.764,0.882,0.882
20_points_GTv3_61,0.761,0.907,0.907
25_points_GTv3_61,0.760,0.859,0.875
05_points_GTv3_35,0.758,0.778,0.778
05_points_GTv3_89,0.758,0.864,0.864
15_points_GTv3_79,0.753,0.919,0.919
10_points_GTv3_66,0.750,0.750,0.833
25_points_GTv3_47,0.750,0.876,0.889
10_points_GTv3_57,0.745,0.785,0.785
05_points_GTv3_63,0.736,0.957,0.957
05_points_GTv3_58,0.736,0.875,0.875
25_points_GTv3_28,0.734,0.933,0.933
05_points_GTv3_09,0.734,0.750,0.750
25_points_GTv3_30,0.732,0.909,0.909
05_points_GTv3_79,0.732,0.920,0.920
25_points_GTv3_95,0.722,0.857,0.894
10_points_GTv3_16,0.719,0.803,0.803
15_points_GTv3_19,0.719,0.909,0.909
15_points_GTv3_43,0.718,0.852,0.852
15_points_GTv3_15,0.717,0.900,0.900
25_points_GTv3_35,0.710,0.741,0.741
15_points_GTv3_30,0.710,0.848,0.926
25_points_GTv3_05,0.705,0.863,0.865
10_points_GTv3_31,0.703,0.755,0.846
05_points_GTv3_72,0.698,0.714,0.714
25_points_GTv3_10,0.698,0.807,0.807
05_points_GTv3_76,0.697,0.759,0.900
25_points_GTv3_64,0.695,0.777,0.777
15_points_GTv3_20,0.691,0.889,0.889
15_points_GTv3_29,0.688,0.882,0.882
10_points_GTv3_28,0.686,0.766,0.834
25_points_GTv3_24,0.686,0.733,0.733
05_points_GTv3_46,0.684,0.840,0.908
05_points_GTv3_48,0.684,0.793,0.793
15_points_GTv3_31,0.683,0.897,0.944
25_points_GTv3_59,0.680,0.815,0.923
15_points_GTv3_01,0.680,0.756,0.756
10_points_GTv3_06,0.680,0.798,0.798
10_points_GTv3_73,0.675,0.934,0.934
15_points_GTv3_53,0.672,0.874,0.884
05_points_GTv3_49,0.671,0.800,0.800
25_points_GTv3_27,0.670,0.744,0.869
25_points_GTv3_53,0.670,0.889,0.889
05_points_GTv3_27,0.669,0.688,0.688
05_points_GTv3_62,0.667,0.900,0.900
25_points_GTv3_25,0.666,0.761,0.823
10_points_GTv3_07,0.663,0.759,0.759
25_points_GTv3_96,0.661,0.823,0.823
15_points_GTv3_96,0.661,0.944,0.944
05_points_GTv3_59,0.660,0.900,0.900
05_points_GTv3_00,0.660,0.988,0.988
25_points_GTv3_40,0.658,0.828,0.828
05_points_GTv3_56,0.658,0.930,0.930
15_points_GTv3_75,0.656,0.833,0.875
25_points_GTv3_58,0.655,0.690,0.690
25_points_GTv3_54,0.649,0.748,0.855
25_points_GTv3_67,0.648,0.741,0.871
10_points_GTv3_30,0.648,0.756,0.851
15_points_GTv3_72,0.648,0.744,0.744
25_points_GTv3_31,0.647,0.830,0.847
15_points_GTv3_17,0.647,0.758,0.826
10_points_GTv3_58,0.646,0.883,0.883
25_points_GTv3_75,0.643,0.839,0.839
15_points_GTv3_93,0.642,1.000,1.000
20_points_GTv3_16,0.642,0.737,0.834
25_points_GTv3_62,0.640,0.688,0.688
15_points_GTv3_97,0.639,0.761,0.761
25_points_GTv3_48,0.637,0.810,0.810
05_points_GTv3_68,0.637,0.709,0.709
05_points_GTv3_10,0.636,0.793,0.793
25_points_GTv3_76,0.635,0.777,0.777
25_points_GTv3_29,0.629,0.737,0.737
25_points_GTv3_33,0.629,0.649,0.649
15_points_GTv3_02,0.626,0.807,0.889
25_points_GTv3_85,0.626,0.826,0.826
25_points_GTv3_42,0.626,0.842,0.842
05_points_GTv3_24,0.625,0.625,0.625
05_points_GTv3_02,0.625,0.901,0.901
15_points_GTv3_85,0.625,0.793,0.838
25_points_GTv3_66,0.622,0.755,0.755
20_points_GTv3_38,0.621,0.787,0.844
05_points_GTv3_37,0.621,0.933,0.933
10_points_GTv3_21,0.619,0.790,0.790
15_points_GTv3_69,0.616,0.783,0.906
10_points_GTv3_49,0.614,0.762,0.846
25_points_GTv3_70,0.614,0.640,0.640
10_points_GTv3_75,0.612,0.767,0.844
25_points_GTv3_73,0.612,0.747,0.747
10_points_GTv3_68,0.611,0.717,0.780
15_points_GTv3_73,0.611,0.683,0.683
20_points_GTv3_46,0.609,0.741,0.741
20_points_GTv3_47,0.604,0.849,0.899
05_points_GTv3_66,0.600,0.637,0.637
10_points_GTv3_39,0.600,0.600,0.600
25_points_GTv3_37,0.599,0.833,0.833
15_points_GTv3_63,0.597,0.780,0.836
25_points_GTv3_74,0.597,0.709,0.709
20_points_GTv3_31,0.596,0.719,0.757
10_points_GTv3_20,0.593,0.863,0.867
15_points_GTv3_08,0.591,0.778,0.778
25_points_GTv3_72,0.591,0.791,0.875
05_points_GTv3_14,0.589,0.601,0.601
15_points_GTv3_70,0.588,0.803,0.803
25_points_GTv3_02,0.586,0.810,0.857
10_points_GTv3_26,0.584,0.647,0.647
15_points_GTv3_07,0.582,0.767,0.767
25_points_GTv3_45,0.580,0.731,0.784
20_points_GTv3_15,0.578,0.635,0.724
20_points_GTv3_56,0.577,0.659,0.659
20_points_GTv3_25,0.575,0.609,0.611
15_points_GTv3_39,0.574,0.691,0.841
10_points_GTv3_12,0.572,0.735,1.000
05_points_GTv3_53,0.570,0.648,0.793
15_points_GTv3_74,0.569,0.757,0.828
05_points_GTv3_17,0.568,0.676,0.676
10_points_GTv3_59,0.568,0.774,0.830
20_points_GTv3_18,0.566,0.704,0.704
10_points_GTv3_54,0.566,0.656,0.753
20_points_GTv3_14,0.566,0.710,0.710
15_points_GTv3_55,0.565,0.692,0.788
15_points_GTv3_61,0.565,0.642,0.642
15_points_GTv3_45,0.564,0.610,0.610
15_points_GTv3_23,0.563,0.737,0.737
10_points_GTv3_11,0.562,0.661,0.661
25_points_GTv3_34,0.558,0.766,0.798
15_points_GTv3_09,0.557,0.776,0.816
15_points_GTv3_22,0.554,0.649,0.699
10_points_GTv3_56,0.553,0.656,0.859
10_points_GTv3_46,0.553,0.660,0.806
25_points_GTv3_16,0.548,0.625,0.678
20_points_GTv3_42,0.548,0.739,0.777
25_points_GTv3_49,0.545,0.681,0.831
15_points_GTv3_28,0.542,0.705,0.800
10_points_GTv3_48,0.542,0.628,0.628
25_points_GTv3_89,0.539,0.649,0.711
20_points_GTv3_52,0.538,0.688,0.688
15_points_GTv3_64,0.537,0.624,0.701
10_points_GTv3_90,0.536,0.759,0.759
05_points_GTv3_41,0.536,0.622,0.674
15_points_GTv3_10,0.530,0.622,0.783
05_points_GTv3_08,0.530,0.667,0.667
20_points_GTv3_65,0.530,0.649,0.719
20_points_GTv3_71,0.529,0.646,0.646
05_points_GTv3_33,0.528,0.750,0.750
15_points_GTv3_65,0.527,0.625,0.699
25_points_GTv3_17,0.526,0.686,0.746
25_points_GTv3_69,0.525,0.688,0.751
05_points_GTv3_36,0.525,0.661,0.661
15_points_GTv3_81,0.524,0.871,0.938
10_points_GTv3_42,0.523,0.613,0.732
25_points_GTv3_57,0.522,0.809,0.809
25_points_GTv3_98,0.520,0.693,0.693
15_points_GTv3_49,0.510,0.600,0.600
05_points_GTv3_34,0.509,0.627,0.627
10_points_GTv3_74,0.504,0.682,0.764
15_points_GTv3_33,0.502,0.758,0.767
20_points_GTv3_44,0.501,0.611,0.648
25_points_GTv3_00,0.501,0.602,0.630
10_points_GTv3_88,0.500,0.559,0.690
05_points_GTv3_06,0.500,0.500,0.500
05_points_GTv3_25,0.500,0.500,0.500
05_points_GTv3_13,0.499,0.643,0.687
15_points_GTv3_27,0.498,0.612,0.660
15_points_GTv3_36,0.498,0.704,0.874
25_points_GTv3_65,0.496,0.707,0.707
15_points_GTv3_90,0.496,0.680,0.737
10_points_GTv3_95,0.495,0.576,0.652
10_points_GTv3_91,0.494,0.494,0.494
10_points_GTv3_36,0.493,0.828,0.899
15_points_GTv3_04,0.487,0.720,0.720
15_points_GTv3_51,0.487,0.668,0.739
25_points_GTv3_50,0.487,0.713,0.713
25_points_GTv3_38,0.485,0.693,0.749
15_points_GTv3_34,0.484,0.620,0.787
15_points_GTv3_94,0.480,0.731,0.731
25_points_GTv3_19,0.479,0.561,0.561
15_points_GTv3_38,0.478,0.699,0.814
15_points_GTv3_35,0.478,0.741,0.895
10_points_GTv3_82,0.476,0.722,0.785
20_points_GTv3_83,0.473,0.635,0.703
25_points_GTv3_11,0.473,0.575,0.633
25_points_GTv3_32,0.473,0.535,0.664
10_points_GTv3_55,0.472,0.543,0.635
15_points_GTv3_83,0.470,0.598,0.775
10_points_GTv3_08,0.469,0.767,0.767
10_points_GTv3_04,0.468,0.680,0.771
15_points_GTv3_03,0.468,0.616,0.718
15_points_GTv3_56,0.468,0.653,0.653
20_points_GTv3_69,0.468,0.585,0.741
20_points_GTv3_32,0.466,0.629,0.711
25_points_GTv3_71,0.464,0.646,0.736
25_points_GTv3_36,0.463,0.580,0.676
25_points_GTv3_52,0.459,0.544,0.608
10_points_GTv3_43,0.459,0.640,0.679
05_points_GTv3_73,0.458,0.495,0.597
15_points_GTv3_59,0.457,0.543,0.647
20_points_GTv3_10,0.452,0.562,0.562
10_points_GTv3_69,0.449,0.750,0.750
15_points_GTv3_24,0.447,0.602,0.602
15_points_GTv3_77,0.445,0.570,0.596
15_points_GTv3_11,0.444,0.554,0.642
20_points_GTv3_35,0.444,0.549,0.655
25_points_GTv3_88,0.444,0.518,0.569
15_points_GTv3_60,0.444,0.682,0.812
15_points_GTv3_48,0.443,0.563,0.563
20_points_GTv3_94,0.443,0.588,0.588
10_points_GTv3_19,0.442,0.850,0.850
20_points_GTv3_92,0.438,0.575,0.614
05_points_GTv3_47,0.438,0.573,0.636
20_points_GTv3_64,0.438,0.548,0.616
25_points_GTv3_01,0.437,0.596,0.596
05_points_GTv3_60,0.436,0.552,0.750
05_points_GTv3_78,0.436,0.436,0.538
25_points_GTv3_26,0.432,0.678,0.709
15_points_GTv3_80,0.430,0.698,0.698
10_points_GTv3_15,0.430,0.486,0.627
25_points_GTv3_07,0.429,0.633,0.708
25_points_GTv3_99,0.426,0.762,0.762
20_points_GTv3_22,0.426,0.541,0.690
10_points_GTv3_65,0.425,0.920,0.920
20_points_GTv3_29,0.425,0.540,0.540
25_points_GTv3_90,0.424,0.440,0.440
20_points_GTv3_12,0.423,0.516,0.593
25_points_GTv3_03,0.423,0.546,0.570
15_points_GTv3_86,0.422,0.546,0.617
15_points_GTv3_84,0.419,0.529,0.586
20_points_GTv3_68,0.418,0.575,0.598
20_points_GTv3_60,0.418,0.630,0.630
15_points_GTv3_16,0.417,0.524,0.669
20_points_GTv3_87,0.415,0.664,0.664
15_points_GTv3_26,0.415,0.670,0.757
25_points_GTv3_12,0.414,0.488,0.618
20_points_GTv3_76,0.413,0.668,0.705
20_points_GTv3_93,0.412,0.500,0.545
15_points_GTv3_52,0.411,0.524,0.747
20_points_GTv3_28,0.411,0.530,0.530
25_points_GTv3_77,0.410,0.514,0.569
20_points_GTv3_74,0.409,0.498,0.591
15_points_GTv3_91,0.408,0.684,0.725
05_points_GTv3_11,0.407,0.713,0.713
25_points_GTv3_43,0.404,0.532,0.532
10_points_GTv3_10,0.404,0.597,0.660
25_points_GTv3_46,0.403,0.574,0.654
25_points_GTv3_60,0.403,0.500,0.500
20_points_GTv3_05,0.403,0.553,0.553
05_points_GTv3_39,0.400,0.400,0.400
05_points_GTv3_70,0.400,0.400,0.400
15_points_GTv3_76,0.399,0.542,0.765
15_points_GTv3_18,0.399,0.667,0.667
20_points_GTv3_79,0.398,0.512,0.577
15_points_GTv3_57,0.395,0.593,0.649
05_points_GTv3_20,0.393,0.480,0.643
20_points_GTv3_54,0.392,0.558,0.608
05_points_GTv3_86,0.391,0.631,0.631
05_points_GTv3_40,0.391,0.630,0.709
15_points_GTv3_71,0.389,0.508,0.600
15_points_GTv3_44,0.389,0.502,0.616
25_points_GTv3_41,0.389,0.563,0.596
15_points_GTv3_78,0.388,0.501,0.526
20_points_GTv3_96,0.388,0.602,0.659
20_points_GTv3_99,0.386,0.495,0.600
15_points_GTv3_92,0.380,0.573,0.810
25_points_GTv3_97,0.380,0.533,0.642
15_points_GTv3_06,0.377,0.593,0.677
15_points_GTv3_05,0.377,0.496,0.561
15_points_GTv3_98,0.375,0.440,0.615
15_points_GTv3_68,0.372,0.467,0.508
25_points_GTv3_06,0.372,0.433,0.433
05_points_GTv3_01,0.366,0.495,0.495
20_points_GTv3_04,0.364,0.568,0.697
10_points_GTv3_27,0.363,0.371,0.571
05_points_GTv3_84,0.361,0.526,0.526
15_points_GTv3_12,0.360,0.518,0.561
25_points_GTv3_51,0.359,0.459,0.462
20_points_GTv3_49,0.358,0.460,0.559
15_points_GTv3_88,0.358,0.488,0.519
15_points_GTv3_66,0.358,0.552,0.647
10_points_GTv3_52,0.357,0.463,0.523
25_points_GTv3_92,0.357,0.492,0.492
20_points_GTv3_72,0.355,0.529,0.592
25_points_GTv3_04,0.354,0.443,0.537
20_points_GTv3_30,0.353,0.477,0.539
10_points_GTv3_94,0.353,0.506,0.571
15_points_GTv3_46,0.350,0.548,0.548
15_points_GTv3_37,0.349,0.634,0.668
15_points_GTv3_67,0.348,0.542,0.591
10_points_GTv3_02,0.346,0.383,0.445
20_points_GTv3_40,0.343,0.475,0.517
25_points_GTv3_08,0.343,0.468,0.468
20_points_GTv3_11,0.339,0.455,0.509
20_points_GTv3_98,0.338,0.514,0.515
20_points_GTv3_01,0.335,0.466,0.466
25_points_GTv3_81,0.335,0.429,0.477
10_points_GTv3_53,0.334,0.615,0.701
10_points_GTv3_22,0.329,0.401,0.401
20_points_GTv3_58,0.328,0.409,0.577
15_points_GTv3_54,0.326,0.607,0.691
20_points_GTv3_36,0.325,0.441,0.503
20_points_GTv3_19,0.320,0.387,0.473
25_points_GTv3_83,0.319,0.431,0.431
20_points_GTv3_37,0.317,0.439,0.460
15_points_GTv3_41,0.316,0.390,0.476
20_points_GTv3_66,0.315,0.521,0.712
10_points_GTv3_89,0.314,0.367,0.437
15_points_GTv3_32,0.312,0.349,0.399
10_points_GTv3_25,0.311,0.528,0.777
05_points_GTv3_61,0.308,0.353,0.529
15_points_GTv3_99,0.304,0.519,0.625
20_points_GTv3_08,0.301,0.356,0.356
20_points_GTv3_39,0.301,0.409,0.446
20_points_GTv3_67,0.300,0.412,0.550
20_points_GTv3_02,0.300,0.481,0.507
20_points_GTv3_86,0.296,0.547,0.637
10_points_GTv3_78,0.296,0.313,0.727
20_points_GTv3_33,0.295,0.593,0.736
15_points_GTv3_13,0.294,0.411,0.486
20_points_GTv3_75,0.291,0.460,0.656
25_points_GTv3_39,0.291,0.409,0.409
20_points_GTv3_62,0.290,0.416,0.553
25_points_GTv3_82,0.288,0.460,0.576
20_points_GTv3_77,0.285,0.322,0.547
15_points_GTv3_89,0.283,0.454,0.681
20_points_GTv3_53,0.282,0.493,0.533
10_points_GTv3_61,0.281,0.413,0.511
05_points_GTv3_74,0.279,0.367,0.470
20_points_GTv3_41,0.279,0.406,0.479
20_points_GTv3_20,0.278,0.356,0.478
15_points_GTv3_58,0.278,0.371,0.371
25_points_GTv3_23,0.276,0.391,0.516
05_points_GTv3_97,0.274,0.300,0.300
15_points_GTv3_47,0.272,0.525,0.633
25_points_GTv3_87,0.266,0.472,0.472
15_points_GTv3_40,0.266,0.396,0.521
20_points_GTv3_51,0.263,0.423,0.510
25_points_GTv3_91,0.262,0.442,0.623
05_points_GTv3_52,0.251,0.283,0.353
20_points_GTv3_13,0.247,0.370,0.500
05_points_GTv3_64,0.246,0.254,0.387
10_points_GTv3_18,0.244,0.281,0.338
20_points_GTv3_89,0.243,0.440,0.466
05_points_GTv3_54,0.242,0.313,0.395
15_points_GTv3_50,0.242,0.489,0.567
10_points_GTv3_23,0.240,0.392,0.455
10_points_GTv3_17,0.240,0.259,0.451
20_points_GTv3_03,0.238,0.440,0.586
20_points_GTv3_59,0.234,0.366,0.466
05_points_GTv3_42,0.230,0.336,0.401
20_points_GTv3_00,0.230,0.321,0.408
15_points_GTv3_87,0.228,0.312,0.399
20_points_GTv3_17,0.227,0.327,0.383
10_points_GTv3_47,0.227,0.342,0.481
05_points_GTv3_88,0.222,0.222,0.222
10_points_GTv3_00,0.222,0.231,0.231
10_points_GTv3_87,0.219,0.306,0.341
05_points_GTv3_18,0.218,0.241,0.433
15_points_GTv3_21,0.218,0.385,0.512
05_points_GTv3_50,0.217,0.292,0.333
10_points_GTv3_38,0.216,0.253,0.314
20_points_GTv3_27,0.215,0.331,0.449
15_points_GTv3_82,0.213,0.391,0.467
20_points_GTv3_90,0.212,0.286,0.286
20_points_GTv3_80,0.212,0.507,0.505
25_points_GTv3_09,0.211,0.380,0.470
25_points_GTv3_22,0.210,0.338,0.403
10_points_GTv3_51,0.210,0.236,0.255
20_points_GTv3_23,0.209,0.365,0.410
20_points_GTv3_07,0.207,0.307,0.327
20_points_GTv3_24,0.202,0.375,0.416
05_points_GTv3_75,0.200,0.200,0.200
15_points_GTv3_42,0.196,0.291,0.291
20_points_GTv3_57,0.193,0.339,0.470
20_points_GTv3_81,0.193,0.233,0.347
10_points_GTv3_37,0.192,0.219,0.273
05_points_GTv3_31,0.190,0.359,0.459
15_points_GTv3_25,0.189,0.350,0.427
20_points_GTv3_70,0.184,0.280,0.331
25_points_GTv3_93,0.183,0.246,0.293
10_points_GTv3_85,0.182,0.314,0.580
25_points_GTv3_21,0.181,0.412,0.467
05_points_GTv3_44,0.180,0.311,0.343
20_points_GTv3_85,0.178,0.308,0.516
10_points_GTv3_84,0.177,0.224,0.314
20_points_GTv3_97,0.174,0.242,0.290
20_points_GTv3_34,0.174,0.245,0.322
10_points_GTv3_44,0.169,0.172,0.172
20_points_GTv3_91,0.168,0.215,0.295
05_points_GTv3_98,0.163,0.167,0.167
10_points_GTv3_72,0.163,0.250,0.386
20_points_GTv3_45,0.162,0.212,0.360
10_points_GTv3_34,0.161,0.163,0.214
05_points_GTv3_95,0.157,0.174,0.209
20_points_GTv3_88,0.154,0.256,0.341
20_points_GTv3_84,0.153,0.157,0.412
20_points_GTv3_26,0.149,0.283,0.371
05_points_GTv3_45,0.149,0.191,0.295
20_points_GTv3_55,0.148,0.215,0.313
15_points_GTv3_95,0.147,0.278,0.434
20_points_GTv3_73,0.143,0.227,0.227
05_points_GTv3_03,0.143,0.194,0.194
25_points_GTv3_13,0.141,0.204,0.252
10_points_GTv3_40,0.141,0.175,0.203
15_points_GTv3_00,0.128,0.140,0.434
10_points_GTv3_76,0.127,0.220,0.274
25_points_GTv3_14,0.126,0.187,0.337
05_points_GTv3_29,0.124,0.140,0.165
20_points_GTv3_09,0.121,0.214,0.436
05_points_GTv3_65,0.120,0.150,0.150
10_points_GTv3_63,0.119,0.154,0.226
25_points_GTv3_80,0.117,0.243,0.324
10_points_GTv3_41,0.113,0.129,0.182
20_points_GTv3_21,0.113,0.160,0.366
10_points_GTv3_45,0.111,0.163,0.179
10_points_GTv3_32,0.110,0.122,0.122
20_points_GTv3_50,0.107,0.169,0.203
10_points_GTv3_96,0.105,0.160,0.160
20_points_GTv3_95,0.101,0.136,0.221
20_points_GTv3_48,0.089,0.100,0.167
05_points_GTv3_51,0.084,0.100,0.100
05_points_GTv3_93,0.076,0.076,0.273
05_points_GTv3_04,0.073,0.073,0.073
05_points_GTv3_28,0.073,0.117,0.142
10_points_GTv3_98,0.072,0.087,0.087
10_points_GTv3_14,0.071,0.159,0.201
20_points_GTv3_63,0.064,0.085,0.244
05_points_GTv3_05,0.064,0.064,0.064
05_points_GTv3_87,0.055,0.088,0.173
10_points_GTv3_35,0.054,0.056,0.138
10_points_GTv3_97,0.047,0.092,0.130
10_points_GTv3_93,0.045,0.180,0.330
05_points_GTv3_55,0.041,0.054,0.165
10_points_GTv3_86,0.038,0.087,0.205
10_points_GTv3_60,0.036,0.053,0.267
05_points_GTv3_85,0.032,0.038,0.038
10_points_GTv3_79,0.030,0.030,0.155
10_points_GTv3_33,0.028,0.035,0.059
05_points_GTv3_77,0.026,0.043,0.064
05_points_GTv3_94,0.025,0.025,0.025
05_points_GTv3_19,0.022,0.022,0.022
20_points_GTv3_06,0.020,0.023,0.081
10_points_GTv3_01,0.012,0.015,0.015
10_points_GTv3_62,0.012,0.026,0.039
20_points_GTv3_78,0.009,0.040,0.083
10_points_GTv3_50,0.000,0.000,0.029
